1.8 0
1.81 3.12126e-45
1.82 6.0221e-45
1.83 8.08183e-45
1.84 9.84919e-45
1.85 1.14653e-44
1.86 1.29914e-44
1.87 1.44601e-44
1.88 1.58912e-44
1.89 1.72977e-44
1.9 1.86885e-44
1.91 2.00701e-44
1.92 2.14473e-44
1.93 2.28238e-44
1.94 2.42026e-44
1.95 2.5586e-44
1.96 2.69758e-44
1.97 2.83736e-44
1.98 2.97807e-44
1.99 3.11981e-44
2 3.26268e-44
2.01 3.40675e-44
2.02 3.5521e-44
2.03 3.69878e-44
2.04 3.84684e-44
2.05 3.99632e-44
2.06 4.14727e-44
2.07 4.29972e-44
2.08 4.4537e-44
2.09 4.60923e-44
2.1 4.76634e-44
2.11 4.92506e-44
2.12 5.0854e-44
2.13 5.24738e-44
2.14 5.41101e-44
2.15 5.57632e-44
2.16 5.7433e-44
2.17 5.91199e-44
2.18 6.08238e-44
2.19 6.25448e-44
2.2 6.42831e-44
2.21 6.60388e-44
2.22 6.78118e-44
2.23 6.96024e-44
2.24 7.14104e-44
2.25 7.32361e-44
2.26 7.50795e-44
2.27 7.69406e-44
2.28 7.88194e-44
2.29 8.0716e-44
2.3 8.26305e-44
2.31 8.45629e-44
2.32 8.65132e-44
2.33 8.84814e-44
2.34 9.04676e-44
2.35 9.24719e-44
2.36 9.44941e-44
2.37 9.65344e-44
2.38 9.85928e-44
2.39 1.00669e-43
2.4 1.02764e-43
2.41 1.04877e-43
2.42 1.07008e-43
2.43 1.09157e-43
2.44 1.11324e-43
2.45 1.13509e-43
2.46 1.15713e-43
2.47 1.17935e-43
2.48 1.20175e-43
2.49 1.22433e-43
2.5 1.2471e-43
2.51 1.27005e-43
2.52 1.29318e-43
2.53 1.31649e-43
2.54 1.33999e-43
2.55 1.36367e-43
2.56 1.38753e-43
2.57 1.41158e-43
2.58 1.43581e-43
2.59 1.46022e-43
2.6 1.48482e-43
2.61 1.50959e-43
2.62 1.53456e-43
2.63 1.5597e-43
2.64 1.58503e-43
2.65 1.61054e-43
2.66 1.63623e-43
2.67 1.66211e-43
2.68 1.68817e-43
2.69 1.71442e-43
2.7 1.74085e-43
2.71 1.76746e-43
2.72 1.79425e-43
2.73 1.82123e-43
2.74 1.84839e-43
2.75 1.87574e-43
2.76 1.90326e-43
2.77 1.93098e-43
2.78 1.95887e-43
2.79 1.98695e-43
2.8 2.01521e-43
2.81 2.04365e-43
2.82 2.07228e-43
2.83 2.10109e-43
2.84 2.13009e-43
2.85 2.15927e-43
2.86 2.18863e-43
2.87 2.21817e-43
2.88 2.2479e-43
2.89 2.27781e-43
2.9 2.30791e-43
2.91 2.33818e-43
2.92 2.36865e-43
2.93 2.39929e-43
2.94 2.43012e-43
2.95 2.46113e-43
2.96 2.49232e-43
2.97 2.5237e-43
2.98 2.55525e-43
2.99 2.587e-43
3 2.61892e-43
3.01 2.65103e-43
3.02 2.68332e-43
3.03 2.7158e-43
3.04 2.74845e-43
3.05 2.78129e-43
3.06 2.81431e-43
3.07 2.84752e-43
3.08 2.88091e-43
3.09 2.91448e-43
3.1 2.94823e-43
3.11 2.98217e-43
3.12 3.01629e-43
3.13 3.05059e-43
3.14 3.08507e-43
3.15 3.11974e-43
3.16 3.15459e-43
3.17 3.18962e-43
3.18 3.22483e-43
3.19 3.26023e-43
3.2 3.29581e-43
3.21 3.33157e-43
3.22 3.36751e-43
3.23 3.40364e-43
3.24 3.43995e-43
3.25 3.47644e-43
3.26 3.51311e-43
3.27 3.54996e-43
3.28 3.587e-43
3.29 3.62422e-43
3.3 3.66162e-43
3.31 3.6992e-43
3.32 3.73696e-43
3.33 3.77491e-43
3.34 3.81304e-43
3.35 3.85135e-43
3.36 3.88984e-43
3.37 3.92851e-43
3.38 3.96737e-43
3.39 4.0064e-43
3.4 4.04562e-43
3.41 4.08502e-43
3.42 4.1246e-43
3.43 4.16436e-43
3.44 4.20431e-43
3.45 4.24443e-43
3.46 4.28474e-43
3.47 4.32523e-43
3.48 4.3659e-43
3.49 4.40675e-43
3.5 4.44778e-43
3.51 4.489e-43
3.52 4.53039e-43
3.53 4.57197e-43
3.54 4.61372e-43
3.55 4.65566e-43
3.56 4.69778e-43
3.57 4.74008e-43
3.58 4.78256e-43
3.59 4.82522e-43
3.6 4.86807e-43
3.61 4.91109e-43
3.62 4.95429e-43
3.63 4.99768e-43
3.64 5.04124e-43
3.65 5.08499e-43
3.66 5.12892e-43
3.67 5.17302e-43
3.68 5.21731e-43
3.69 5.26178e-43
3.7 5.30643e-43
3.71 5.35126e-43
3.72 5.39627e-43
3.73 5.44146e-43
3.74 5.48683e-43
3.75 5.53238e-43
3.76 5.57811e-43
3.77 5.62402e-43
3.78 5.67011e-43
3.79 5.71638e-43
3.8 5.76283e-43
3.81 5.80946e-43
3.82 5.85627e-43
3.83 5.90326e-43
3.84 5.95043e-43
3.85 5.99778e-43
3.86 6.04531e-43
3.87 6.09302e-43
3.88 6.14091e-43
3.89 6.18898e-43
3.9 6.23723e-43
3.91 6.28565e-43
3.92 6.33426e-43
3.93 6.38305e-43
3.94 6.43201e-43
3.95 6.48116e-43
3.96 6.53049e-43
3.97 6.57999e-43
3.98 6.62967e-43
3.99 6.67954e-43
4 6.72958e-43
4.01 6.7798e-43
4.02 6.8302e-43
4.03 6.88078e-43
4.04 6.93154e-43
4.05 6.98247e-43
4.06 7.03359e-43
4.07 7.08488e-43
4.08 7.13636e-43
4.09 7.18801e-43
4.1 7.23984e-43
4.11 7.29185e-43
4.12 7.34404e-43
4.13 7.39641e-43
4.14 7.44895e-43
4.15 7.50168e-43
4.16 7.55458e-43
4.17 7.60766e-43
4.18 7.66092e-43
4.19 7.71436e-43
4.2 7.76797e-43
4.21 7.82177e-43
4.22 7.87574e-43
4.23 7.92989e-43
4.24 7.98422e-43
4.25 8.03873e-43
4.26 8.09341e-43
4.27 8.14828e-43
4.28 8.20332e-43
4.29 8.25854e-43
4.3 8.31393e-43
4.31 8.36951e-43
4.32 8.42526e-43
4.33 8.48119e-43
4.34 8.5373e-43
4.35 8.59358e-43
4.36 8.65005e-43
4.37 8.70669e-43
4.38 8.7635e-43
4.39 8.8205e-43
4.4 8.87767e-43
4.41 8.93502e-43
4.42 8.99255e-43
4.43 9.05026e-43
4.44 9.10814e-43
4.45 9.1662e-43
4.46 9.22444e-43
4.47 9.28285e-43
4.48 9.34144e-43
4.49 9.40021e-43
4.5 9.45915e-43
4.51 9.51828e-43
4.52 9.57758e-43
4.53 9.63705e-43
4.54 9.6967e-43
4.55 9.75653e-43
4.56 9.81654e-43
4.57 9.87672e-43
4.58 9.93708e-43
4.59 9.99762e-43
4.6 1.00583e-42
4.61 1.01192e-42
4.62 1.01803e-42
4.63 1.02415e-42
4.64 1.03029e-42
4.65 1.03645e-42
4.66 1.04263e-42
4.67 1.04883e-42
4.68 1.05504e-42
4.69 1.06127e-42
4.7 1.06752e-42
4.71 1.07378e-42
4.72 1.08006e-42
4.73 1.08636e-42
4.74 1.09268e-42
4.75 1.09902e-42
4.76 1.10537e-42
4.77 1.11174e-42
4.78 1.11813e-42
4.79 1.12454e-42
4.8 1.13096e-42
4.81 1.1374e-42
4.82 1.14386e-42
4.83 1.15034e-42
4.84 1.15683e-42
4.85 1.16334e-42
4.86 1.16987e-42
4.87 1.17642e-42
4.88 1.18298e-42
4.89 1.18956e-42
4.9 1.19616e-42
4.91 1.20278e-42
4.92 1.20941e-42
4.93 1.21606e-42
4.94 1.22273e-42
4.95 1.22942e-42
4.96 1.23612e-42
4.97 1.24284e-42
4.98 1.24958e-42
4.99 1.25634e-42
5 1.26311e-42
5.01 1.2699e-42
5.02 1.27671e-42
5.03 1.28354e-42
5.04 1.29038e-42
5.05 1.29725e-42
5.06 1.30412e-42
5.07 1.31102e-42
5.08 1.31793e-42
5.09 1.32487e-42
5.1 1.33181e-42
5.11 1.33878e-42
5.12 1.34576e-42
5.13 1.35276e-42
5.14 1.35978e-42
5.15 1.36682e-42
5.16 1.37387e-42
5.17 1.38094e-42
5.18 1.38803e-42
5.19 1.39513e-42
5.2 1.40226e-42
5.21 1.4094e-42
5.22 1.41656e-42
5.23 1.42373e-42
5.24 1.43092e-42
5.25 1.43813e-42
5.26 1.44536e-42
5.27 1.4526e-42
5.28 1.45986e-42
5.29 1.46714e-42
5.3 1.47444e-42
5.31 1.48175e-42
5.32 1.48909e-42
5.33 1.49643e-42
5.34 1.5038e-42
5.35 1.51118e-42
5.36 1.51858e-42
5.37 1.526e-42
5.38 1.53344e-42
5.39 1.54089e-42
5.4 1.54836e-42
5.41 1.55584e-42
5.42 1.56335e-42
5.43 1.57087e-42
5.44 1.57841e-42
5.45 1.58597e-42
5.46 1.59354e-42
5.47 1.60113e-42
5.48 1.60874e-42
5.49 1.61636e-42
5.5 1.62401e-42
5.51 1.63167e-42
5.52 1.63934e-42
5.53 1.64704e-42
5.54 1.65475e-42
5.55 1.66248e-42
5.56 1.67022e-42
5.57 1.67799e-42
5.58 1.68577e-42
5.59 1.69356e-42
5.6 1.70138e-42
5.61 1.70921e-42
5.62 1.71706e-42
5.63 1.72493e-42
5.64 1.73281e-42
5.65 1.74071e-42
5.66 1.74863e-42
5.67 1.75657e-42
5.68 1.76452e-42
5.69 1.77249e-42
5.7 1.78047e-42
5.71 1.78848e-42
5.72 1.7965e-42
5.73 1.80454e-42
5.74 1.81259e-42
5.75 1.82067e-42
5.76 1.82876e-42
5.77 1.83686e-42
5.78 1.84499e-42
5.79 1.85313e-42
5.8 1.86129e-42
5.81 1.86946e-42
5.82 1.87765e-42
5.83 1.88586e-42
5.84 1.89409e-42
5.85 1.90233e-42
5.86 1.9106e-42
5.87 1.91887e-42
5.88 1.92717e-42
5.89 1.93548e-42
5.9 1.94381e-42
5.91 1.95216e-42
5.92 1.96052e-42
5.93 1.9689e-42
5.94 1.9773e-42
5.95 1.98571e-42
5.96 1.99415e-42
5.97 2.0026e-42
5.98 2.01106e-42
5.99 2.01954e-42
6 2.02804e-42
6.01 2.03656e-42
6.02 2.0451e-42
6.03 2.05365e-42
6.04 2.06221e-42
6.05 2.0708e-42
6.06 2.0794e-42
6.07 2.08802e-42
6.08 2.09666e-42
6.09 2.10531e-42
6.1 2.11398e-42
6.11 2.12267e-42
6.12 2.13137e-42
6.13 2.14009e-42
6.14 2.14883e-42
6.15 2.15759e-42
6.16 2.16636e-42
6.17 2.17515e-42
6.18 2.18395e-42
6.19 2.19278e-42
6.2 2.20162e-42
6.21 2.21047e-42
6.22 2.21935e-42
6.23 2.22824e-42
6.24 2.23715e-42
6.25 2.24607e-42
6.26 2.25501e-42
6.27 2.26397e-42
6.28 2.27295e-42
6.29 2.28194e-42
6.3 2.29095e-42
6.31 2.29998e-42
6.32 2.30902e-42
6.33 2.31808e-42
6.34 2.32716e-42
6.35 2.33625e-42
6.36 2.34536e-42
6.37 2.35449e-42
6.38 2.36363e-42
6.39 2.37279e-42
6.4 2.38197e-42
6.41 2.39117e-42
6.42 2.40038e-42
6.43 2.40961e-42
6.44 2.41885e-42
6.45 2.42811e-42
6.46 2.43739e-42
6.47 2.44669e-42
6.48 2.456e-42
6.49 2.46533e-42
6.5 2.47468e-42
6.51 2.48404e-42
6.52 2.49342e-42
6.53 2.50282e-42
6.54 2.51223e-42
6.55 2.52166e-42
6.56 2.53111e-42
6.57 2.54058e-42
6.58 2.55006e-42
6.59 2.55956e-42
6.6 2.56907e-42
6.61 2.5786e-42
6.62 2.58815e-42
6.63 2.59771e-42
6.64 2.6073e-42
6.65 2.61689e-42
6.66 2.62651e-42
6.67 2.63614e-42
6.68 2.64579e-42
6.69 2.65546e-42
6.7 2.66514e-42
6.71 2.67484e-42
6.72 2.68455e-42
6.73 2.69428e-42
6.74 2.70403e-42
6.75 2.7138e-42
6.76 2.72358e-42
6.77 2.73338e-42
6.78 2.7432e-42
6.79 2.75303e-42
6.8 2.76288e-42
6.81 2.77274e-42
6.82 2.78263e-42
6.83 2.79253e-42
6.84 2.80244e-42
6.85 2.81238e-42
6.86 2.82232e-42
6.87 2.83229e-42
6.88 2.84227e-42
6.89 2.85227e-42
6.9 2.86229e-42
6.91 2.87232e-42
6.92 2.88237e-42
6.93 2.89244e-42
6.94 2.90252e-42
6.95 2.91262e-42
6.96 2.92273e-42
6.97 2.93287e-42
6.98 2.94301e-42
6.99 2.95318e-42
7 2.96336e-42
7.01 2.97356e-42
7.02 2.98378e-42
7.03 2.99401e-42
7.04 3.00426e-42
7.05 3.01452e-42
7.06 3.0248e-42
7.07 3.0351e-42
7.08 3.04542e-42
7.09 3.05575e-42
7.1 3.0661e-42
7.11 3.07646e-42
7.12 3.08684e-42
7.13 3.09724e-42
7.14 3.10765e-42
7.15 3.11808e-42
7.16 3.12853e-42
7.17 3.139e-42
7.18 3.14948e-42
7.19 3.15997e-42
7.2 3.17049e-42
7.21 3.18102e-42
7.22 3.19156e-42
7.23 3.20212e-42
7.24 3.2127e-42
7.25 3.2233e-42
7.26 3.23391e-42
7.27 3.24454e-42
7.28 3.25519e-42
7.29 3.26585e-42
7.3 3.27653e-42
7.31 3.28722e-42
7.32 3.29793e-42
7.33 3.30866e-42
7.34 3.3194e-42
7.35 3.33016e-42
7.36 3.34094e-42
7.37 3.35173e-42
7.38 3.36254e-42
7.39 3.37337e-42
7.4 3.38421e-42
7.41 3.39507e-42
7.42 3.40595e-42
7.43 3.41684e-42
7.44 3.42775e-42
7.45 3.43867e-42
7.46 3.44961e-42
7.47 3.46057e-42
7.48 3.47155e-42
7.49 3.48254e-42
7.5 3.49354e-42
7.51 3.50457e-42
7.52 3.5156e-42
7.53 3.52666e-42
7.54 3.53773e-42
7.55 3.54882e-42
7.56 3.55993e-42
7.57 3.57105e-42
7.58 3.58219e-42
7.59 3.59334e-42
7.6 3.60451e-42
7.61 3.6157e-42
7.62 3.6269e-42
7.63 3.63812e-42
7.64 3.64935e-42
7.65 3.66061e-42
7.66 3.67187e-42
7.67 3.68316e-42
7.68 3.69446e-42
7.69 3.70578e-42
7.7 3.71711e-42
7.71 3.72846e-42
7.72 3.73983e-42
7.73 3.75121e-42
7.74 3.76261e-42
7.75 3.77402e-42
7.76 3.78545e-42
7.77 3.7969e-42
7.78 3.80836e-42
7.79 3.81984e-42
7.8 3.83134e-42
7.81 3.84285e-42
7.82 3.85438e-42
7.83 3.86593e-42
7.84 3.87749e-42
7.85 3.88906e-42
7.86 3.90066e-42
7.87 3.91227e-42
7.88 3.92389e-42
7.89 3.93554e-42
7.9 3.94719e-42
7.91 3.95887e-42
7.92 3.97056e-42
7.93 3.98227e-42
7.94 3.99399e-42
7.95 4.00573e-42
7.96 4.01749e-42
7.97 4.02926e-42
7.98 4.04105e-42
7.99 4.05285e-42
8 4.06467e-42
8.01 4.07651e-42
8.02 4.08836e-42
8.03 4.10023e-42
8.04 4.11211e-42
8.05 4.12401e-42
8.06 4.13593e-42
8.07 4.14786e-42
8.08 4.15981e-42
8.09 4.17178e-42
8.1 4.18376e-42
8.11 4.19576e-42
8.12 4.20777e-42
8.13 4.2198e-42
8.14 4.23185e-42
8.15 4.24391e-42
8.16 4.25599e-42
8.17 4.26808e-42
8.18 4.28019e-42
8.19 4.29232e-42
8.2 4.30446e-42
8.21 4.31662e-42
8.22 4.3288e-42
8.23 4.34099e-42
8.24 4.35319e-42
8.25 4.36542e-42
8.26 4.37766e-42
8.27 4.38991e-42
8.28 4.40218e-42
8.29 4.41447e-42
8.3 4.42677e-42
8.31 4.43909e-42
8.32 4.45143e-42
8.33 4.46378e-42
8.34 4.47615e-42
8.35 4.48853e-42
8.36 4.50093e-42
8.37 4.51334e-42
8.38 4.52577e-42
8.39 4.53822e-42
8.4 4.55068e-42
8.41 4.56316e-42
8.42 4.57566e-42
8.43 4.58817e-42
8.44 4.6007e-42
8.45 4.61324e-42
8.46 4.6258e-42
8.47 4.63837e-42
8.48 4.65097e-42
8.49 4.66357e-42
8.5 4.6762e-42
8.51 4.68883e-42
8.52 4.70149e-42
8.53 4.71416e-42
8.54 4.72685e-42
8.55 4.73955e-42
8.56 4.75227e-42
8.57 4.765e-42
8.58 4.77775e-42
8.59 4.79052e-42
8.6 4.8033e-42
8.61 4.8161e-42
8.62 4.82891e-42
8.63 4.84174e-42
8.64 4.85459e-42
8.65 4.86745e-42
8.66 4.88033e-42
8.67 4.89322e-42
8.68 4.90613e-42
8.69 4.91905e-42
8.7 4.93199e-42
8.71 4.94495e-42
8.72 4.95792e-42
8.73 4.97091e-42
8.74 4.98392e-42
8.75 4.99694e-42
8.76 5.00997e-42
8.77 5.02302e-42
8.78 5.03609e-42
8.79 5.04917e-42
8.8 5.06227e-42
8.81 5.07539e-42
8.82 5.08852e-42
8.83 5.10166e-42
8.84 5.11483e-42
8.85 5.12801e-42
8.86 5.1412e-42
8.87 5.15441e-42
8.88 5.16763e-42
8.89 5.18088e-42
8.9 5.19413e-42
8.91 5.20741e-42
8.92 5.22069e-42
8.93 5.234e-42
8.94 5.24732e-42
8.95 5.26065e-42
8.96 5.27401e-42
8.97 5.28737e-42
8.98 5.30076e-42
8.99 5.31415e-42
9 5.32757e-42
9.01 5.341e-42
9.02 5.35444e-42
9.03 5.36791e-42
9.04 5.38138e-42
9.05 5.39488e-42
9.06 5.40839e-42
9.07 5.42191e-42
9.08 5.43545e-42
9.09 5.44901e-42
9.1 5.46258e-42
9.11 5.47616e-42
9.12 5.48977e-42
9.13 5.50338e-42
9.14 5.51702e-42
9.15 5.53067e-42
9.16 5.54433e-42
9.17 5.55802e-42
9.18 5.57171e-42
9.19 5.58542e-42
9.2 5.59915e-42
9.21 5.6129e-42
9.22 5.62666e-42
9.23 5.64043e-42
9.24 5.65422e-42
9.25 5.66803e-42
9.26 5.68185e-42
9.27 5.69569e-42
9.28 5.70954e-42
9.29 5.72341e-42
9.3 5.73729e-42
9.31 5.75119e-42
9.32 5.76511e-42
9.33 5.77904e-42
9.34 5.79298e-42
9.35 5.80695e-42
9.36 5.82092e-42
9.37 5.83492e-42
9.38 5.84892e-42
9.39 5.86295e-42
9.4 5.87699e-42
9.41 5.89104e-42
9.42 5.90511e-42
9.43 5.9192e-42
9.44 5.9333e-42
9.45 5.94742e-42
9.46 5.96155e-42
9.47 5.9757e-42
9.48 5.98987e-42
9.49 6.00405e-42
9.5 6.01824e-42
9.51 6.03245e-42
9.52 6.04668e-42
9.53 6.06092e-42
9.54 6.07518e-42
9.55 6.08945e-42
9.56 6.10374e-42
9.57 6.11804e-42
9.58 6.13236e-42
9.59 6.14669e-42
9.6 6.16104e-42
9.61 6.17541e-42
9.62 6.18979e-42
9.63 6.20418e-42
9.64 6.2186e-42
9.65 6.23302e-42
9.66 6.24747e-42
9.67 6.26192e-42
9.68 6.2764e-42
9.69 6.29089e-42
9.7 6.30539e-42
9.71 6.31991e-42
9.72 6.33445e-42
9.73 6.349e-42
9.74 6.36356e-42
9.75 6.37814e-42
9.76 6.39274e-42
9.77 6.40735e-42
9.78 6.42198e-42
9.79 6.43662e-42
9.8 6.45128e-42
9.81 6.46595e-42
9.82 6.48064e-42
9.83 6.49535e-42
9.84 6.51007e-42
9.85 6.5248e-42
9.86 6.53955e-42
9.87 6.55432e-42
9.88 6.5691e-42
9.89 6.58389e-42
9.9 6.5987e-42
9.91 6.61353e-42
9.92 6.62837e-42
9.93 6.64323e-42
9.94 6.6581e-42
9.95 6.67299e-42
9.96 6.6879e-42
9.97 6.70281e-42
9.98 6.71775e-42
9.99 6.7327e-42
10 6.74766e-42
10.01 6.76264e-42
10.02 6.77764e-42
10.03 6.79265e-42
10.04 6.80767e-42
10.05 6.82272e-42
10.06 6.83777e-42
10.07 6.85284e-42
10.08 6.86793e-42
10.09 6.88303e-42
10.1 6.89815e-42
10.11 6.91328e-42
10.12 6.92843e-42
10.13 6.94359e-42
10.14 6.95877e-42
10.15 6.97396e-42
10.16 6.98917e-42
10.17 7.0044e-42
10.18 7.01963e-42
10.19 7.03489e-42
10.2 7.05016e-42
10.21 7.06544e-42
10.22 7.08074e-42
10.23 7.09606e-42
10.24 7.11139e-42
10.25 7.12673e-42
10.26 7.14209e-42
10.27 7.15747e-42
10.28 7.17286e-42
10.29 7.18827e-42
10.3 7.20369e-42
10.31 7.21912e-42
10.32 7.23458e-42
10.33 7.25004e-42
10.34 7.26552e-42
10.35 7.28102e-42
10.36 7.29653e-42
10.37 7.31206e-42
10.38 7.3276e-42
10.39 7.34316e-42
10.4 7.35873e-42
10.41 7.37432e-42
10.42 7.38992e-42
10.43 7.40554e-42
10.44 7.42117e-42
10.45 7.43682e-42
10.46 7.45248e-42
10.47 7.46816e-42
10.48 7.48385e-42
10.49 7.49956e-42
10.5 7.51529e-42
10.51 7.53102e-42
10.52 7.54678e-42
10.53 7.56255e-42
10.54 7.57833e-42
10.55 7.59413e-42
10.56 7.60994e-42
10.57 7.62577e-42
10.58 7.64161e-42
10.59 7.65747e-42
10.6 7.67335e-42
10.61 7.68923e-42
10.62 7.70514e-42
10.63 7.72106e-42
10.64 7.73699e-42
10.65 7.75294e-42
10.66 7.7689e-42
10.67 7.78488e-42
10.68 7.80088e-42
10.69 7.81688e-42
10.7 7.83291e-42
10.71 7.84895e-42
10.72 7.865e-42
10.73 7.88107e-42
10.74 7.89715e-42
10.75 7.91325e-42
10.76 7.92936e-42
10.77 7.94549e-42
10.78 7.96164e-42
10.79 7.97779e-42
10.8 7.99397e-42
10.81 8.01016e-42
10.82 8.02636e-42
10.83 8.04258e-42
10.84 8.05881e-42
10.85 8.07506e-42
10.86 8.09132e-42
10.87 8.1076e-42
10.88 8.12389e-42
10.89 8.1402e-42
10.9 8.15652e-42
10.91 8.17286e-42
10.92 8.18921e-42
10.93 8.20558e-42
10.94 8.22196e-42
10.95 8.23835e-42
10.96 8.25477e-42
10.97 8.27119e-42
10.98 8.28763e-42
10.99 8.30409e-42
11 8.32056e-42
11.01 8.33705e-42
11.02 8.35355e-42
11.03 8.37006e-42
11.04 8.38659e-42
11.05 8.40314e-42
11.06 8.4197e-42
11.07 8.43627e-42
11.08 8.45286e-42
11.09 8.46947e-42
11.1 8.48609e-42
11.11 8.50272e-42
11.12 8.51937e-42
11.13 8.53603e-42
11.14 8.55271e-42
11.15 8.5694e-42
11.16 8.58611e-42
11.17 8.60283e-42
11.18 8.61957e-42
11.19 8.63632e-42
11.2 8.65309e-42
11.21 8.66987e-42
11.22 8.68667e-42
11.23 8.70348e-42
11.24 8.72031e-42
11.25 8.73715e-42
11.26 8.754e-42
11.27 8.77087e-42
11.28 8.78776e-42
11.29 8.80466e-42
11.3 8.82157e-42
11.31 8.8385e-42
11.32 8.85544e-42
11.33 8.8724e-42
11.34 8.88937e-42
11.35 8.90636e-42
11.36 8.92336e-42
11.37 8.94038e-42
11.38 8.95741e-42
11.39 8.97446e-42
11.4 8.99152e-42
11.41 9.0086e-42
11.42 9.02569e-42
11.43 9.04279e-42
11.44 9.05991e-42
11.45 9.07705e-42
11.46 9.0942e-42
11.47 9.11136e-42
11.48 9.12854e-42
11.49 9.14573e-42
11.5 9.16294e-42
11.51 9.18016e-42
11.52 9.1974e-42
11.53 9.21465e-42
11.54 9.23192e-42
11.55 9.2492e-42
11.56 9.26649e-42
11.57 9.2838e-42
11.58 9.30113e-42
11.59 9.31846e-42
11.6 9.33582e-42
11.61 9.35319e-42
11.62 9.37057e-42
11.63 9.38797e-42
11.64 9.40538e-42
11.65 9.42281e-42
11.66 9.44025e-42
11.67 9.4577e-42
11.68 9.47517e-42
11.69 9.49266e-42
11.7 9.51016e-42
11.71 9.52767e-42
11.72 9.5452e-42
11.73 9.56274e-42
11.74 9.5803e-42
11.75 9.59787e-42
11.76 9.61546e-42
11.77 9.63306e-42
11.78 9.65067e-42
11.79 9.6683e-42
11.8 9.68595e-42
11.81 9.70361e-42
11.82 9.72128e-42
11.83 9.73897e-42
11.84 9.75667e-42
11.85 9.77439e-42
11.86 9.79212e-42
11.87 9.80986e-42
11.88 9.82762e-42
11.89 9.8454e-42
11.9 9.86319e-42
11.91 9.88099e-42
11.92 9.89881e-42
11.93 9.91664e-42
11.94 9.93449e-42
11.95 9.95235e-42
11.96 9.97022e-42
11.97 9.98811e-42
11.98 1.0006e-41
11.99 1.00239e-41
12 1.00419e-41
12.01 1.00598e-41
12.02 1.00778e-41
12.03 1.00958e-41
12.04 1.01137e-41
12.05 1.01318e-41
12.06 1.01498e-41
12.07 1.01678e-41
12.08 1.01859e-41
12.09 1.02039e-41
12.1 1.0222e-41
12.11 1.02401e-41
12.12 1.02582e-41
12.13 1.02763e-41
12.14 1.02944e-41
12.15 1.03126e-41
12.16 1.03308e-41
12.17 1.03489e-41
12.18 1.03671e-41
12.19 1.03853e-41
12.2 1.04036e-41
12.21 1.04218e-41
12.22 1.044e-41
12.23 1.04583e-41
12.24 1.04766e-41
12.25 1.04949e-41
12.26 1.05132e-41
12.27 1.05315e-41
12.28 1.05498e-41
12.29 1.05682e-41
12.3 1.05866e-41
12.31 1.06049e-41
12.32 1.06233e-41
12.33 1.06417e-41
12.34 1.06601e-41
12.35 1.06786e-41
12.36 1.0697e-41
12.37 1.07155e-41
12.38 1.0734e-41
12.39 1.07525e-41
12.4 1.0771e-41
12.41 1.07895e-41
12.42 1.0808e-41
12.43 1.08266e-41
12.44 1.08451e-41
12.45 1.08637e-41
12.46 1.08823e-41
12.47 1.09009e-41
12.48 1.09195e-41
12.49 1.09382e-41
12.5 1.09568e-41
12.51 1.09755e-41
12.52 1.09942e-41
12.53 1.10128e-41
12.54 1.10315e-41
12.55 1.10503e-41
12.56 1.1069e-41
12.57 1.10877e-41
12.58 1.11065e-41
12.59 1.11253e-41
12.6 1.11441e-41
12.61 1.11629e-41
12.62 1.11817e-41
12.63 1.12005e-41
12.64 1.12194e-41
12.65 1.12382e-41
12.66 1.12571e-41
12.67 1.1276e-41
12.68 1.12949e-41
12.69 1.13138e-41
12.7 1.13327e-41
12.71 1.13517e-41
12.72 1.13707e-41
12.73 1.13896e-41
12.74 1.14086e-41
12.75 1.14276e-41
12.76 1.14466e-41
12.77 1.14657e-41
12.78 1.14847e-41
12.79 1.15038e-41
12.8 1.15228e-41
12.81 1.15419e-41
12.82 1.1561e-41
12.83 1.15801e-41
12.84 1.15993e-41
12.85 1.16184e-41
12.86 1.16376e-41
12.87 1.16567e-41
12.88 1.16759e-41
12.89 1.16951e-41
12.9 1.17143e-41
12.91 1.17335e-41
12.92 1.17528e-41
12.93 1.1772e-41
12.94 1.17913e-41
12.95 1.18106e-41
12.96 1.18299e-41
12.97 1.18492e-41
12.98 1.18685e-41
12.99 1.18879e-41
13 1.19072e-41
13.01 1.19266e-41
13.02 1.1946e-41
13.03 1.19654e-41
13.04 1.19848e-41
13.05 1.20042e-41
13.06 1.20236e-41
13.07 1.20431e-41
13.08 1.20625e-41
13.09 1.2082e-41
13.1 1.21015e-41
13.11 1.2121e-41
13.12 1.21405e-41
13.13 1.21601e-41
13.14 1.21796e-41
13.15 1.21992e-41
13.16 1.22187e-41
13.17 1.22383e-41
13.18 1.22579e-41
13.19 1.22775e-41
13.2 1.22972e-41
13.21 1.23168e-41
13.22 1.23365e-41
13.23 1.23562e-41
13.24 1.23758e-41
13.25 1.23955e-41
13.26 1.24153e-41
13.27 1.2435e-41
13.28 1.24547e-41
13.29 1.24745e-41
13.3 1.24942e-41
13.31 1.2514e-41
13.32 1.25338e-41
13.33 1.25536e-41
13.34 1.25735e-41
13.35 1.25933e-41
13.36 1.26131e-41
13.37 1.2633e-41
13.38 1.26529e-41
13.39 1.26728e-41
13.4 1.26927e-41
13.41 1.27126e-41
13.42 1.27325e-41
13.43 1.27525e-41
13.44 1.27725e-41
13.45 1.27924e-41
13.46 1.28124e-41
13.47 1.28324e-41
13.48 1.28524e-41
13.49 1.28725e-41
13.5 1.28925e-41
13.51 1.29126e-41
13.52 1.29327e-41
13.53 1.29527e-41
13.54 1.29728e-41
13.55 1.2993e-41
13.56 1.30131e-41
13.57 1.30332e-41
13.58 1.30534e-41
13.59 1.30735e-41
13.6 1.30937e-41
13.61 1.31139e-41
13.62 1.31341e-41
13.63 1.31544e-41
13.64 1.31746e-41
13.65 1.31948e-41
13.66 1.32151e-41
13.67 1.32354e-41
13.68 1.32557e-41
13.69 1.3276e-41
13.7 1.32963e-41
13.71 1.33166e-41
13.72 1.3337e-41
13.73 1.33573e-41
13.74 1.33777e-41
13.75 1.33981e-41
13.76 1.34185e-41
13.77 1.34389e-41
13.78 1.34593e-41
13.79 1.34798e-41
13.8 1.35002e-41
13.81 1.35207e-41
13.82 1.35412e-41
13.83 1.35617e-41
13.84 1.35822e-41
13.85 1.36027e-41
13.86 1.36233e-41
13.87 1.36438e-41
13.88 1.36644e-41
13.89 1.36849e-41
13.9 1.37055e-41
13.91 1.37261e-41
13.92 1.37468e-41
13.93 1.37674e-41
13.94 1.3788e-41
13.95 1.38087e-41
13.96 1.38294e-41
13.97 1.38501e-41
13.98 1.38708e-41
13.99 1.38915e-41
14 1.39122e-41
14.01 1.39329e-41
14.02 1.39537e-41
14.03 1.39745e-41
14.04 1.39952e-41
14.05 1.4016e-41
14.06 1.40368e-41
14.07 1.40577e-41
14.08 1.40785e-41
14.09 1.40993e-41
14.1 1.41202e-41
14.11 1.41411e-41
14.12 1.4162e-41
14.13 1.41829e-41
14.14 1.42038e-41
14.15 1.42247e-41
14.16 1.42457e-41
14.17 1.42666e-41
14.18 1.42876e-41
14.19 1.43086e-41
14.2 1.43296e-41
14.21 1.43506e-41
14.22 1.43716e-41
14.23 1.43926e-41
14.24 1.44137e-41
14.25 1.44348e-41
14.26 1.44558e-41
14.27 1.44769e-41
14.28 1.4498e-41
14.29 1.45191e-41
14.3 1.45403e-41
14.31 1.45614e-41
14.32 1.45826e-41
14.33 1.46037e-41
14.34 1.46249e-41
14.35 1.46461e-41
14.36 1.46673e-41
14.37 1.46886e-41
14.38 1.47098e-41
14.39 1.4731e-41
14.4 1.47523e-41
14.41 1.47736e-41
14.42 1.47949e-41
14.43 1.48162e-41
14.44 1.48375e-41
14.45 1.48588e-41
14.46 1.48802e-41
14.47 1.49015e-41
14.48 1.49229e-41
14.49 1.49443e-41
14.5 1.49657e-41
14.51 1.49871e-41
14.52 1.50085e-41
14.53 1.503e-41
14.54 1.50514e-41
14.55 1.50729e-41
14.56 1.50944e-41
14.57 1.51158e-41
14.58 1.51374e-41
14.59 1.51589e-41
14.6 1.51804e-41
14.61 1.52019e-41
14.62 1.52235e-41
14.63 1.52451e-41
14.64 1.52667e-41
14.65 1.52883e-41
14.66 1.53099e-41
14.67 1.53315e-41
14.68 1.53531e-41
14.69 1.53748e-41
14.7 1.53964e-41
14.71 1.54181e-41
14.72 1.54398e-41
14.73 1.54615e-41
14.74 1.54832e-41
14.75 1.55049e-41
14.76 1.55267e-41
14.77 1.55484e-41
14.78 1.55702e-41
14.79 1.5592e-41
14.8 1.56138e-41
14.81 1.56356e-41
14.82 1.56574e-41
14.83 1.56793e-41
14.84 1.57011e-41
14.85 1.5723e-41
14.86 1.57448e-41
14.87 1.57667e-41
14.88 1.57886e-41
14.89 1.58105e-41
14.9 1.58325e-41
14.91 1.58544e-41
14.92 1.58764e-41
14.93 1.58983e-41
14.94 1.59203e-41
14.95 1.59423e-41
14.96 1.59643e-41
14.97 1.59863e-41
14.98 1.60084e-41
14.99 1.60304e-41
15 1.60525e-41
15.01 1.60745e-41
15.02 1.60966e-41
15.03 1.61187e-41
15.04 1.61408e-41
15.05 1.61629e-41
15.06 1.61851e-41
15.07 1.62072e-41
15.08 1.62294e-41
15.09 1.62516e-41
15.1 1.62737e-41
15.11 1.6296e-41
15.12 1.63182e-41
15.13 1.63404e-41
15.14 1.63626e-41
15.15 1.63849e-41
15.16 1.64072e-41
15.17 1.64294e-41
15.18 1.64517e-41
15.19 1.6474e-41
15.2 1.64964e-41
15.21 1.65187e-41
15.22 1.6541e-41
15.23 1.65634e-41
15.24 1.65858e-41
15.25 1.66081e-41
15.26 1.66305e-41
15.27 1.66529e-41
15.28 1.66754e-41
15.29 1.66978e-41
15.3 1.67203e-41
15.31 1.67427e-41
15.32 1.67652e-41
15.33 1.67877e-41
15.34 1.68102e-41
15.35 1.68327e-41
15.36 1.68552e-41
15.37 1.68778e-41
15.38 1.69003e-41
15.39 1.69229e-41
15.4 1.69454e-41
15.41 1.6968e-41
15.42 1.69906e-41
15.43 1.70133e-41
15.44 1.70359e-41
15.45 1.70585e-41
15.46 1.70812e-41
15.47 1.71039e-41
15.48 1.71265e-41
15.49 1.71492e-41
15.5 1.71719e-41
15.51 1.71947e-41
15.52 1.72174e-41
15.53 1.72401e-41
15.54 1.72629e-41
15.55 1.72857e-41
15.56 1.73084e-41
15.57 1.73312e-41
15.58 1.73541e-41
15.59 1.73769e-41
15.6 1.73997e-41
15.61 1.74226e-41
15.62 1.74454e-41
15.63 1.74683e-41
15.64 1.74912e-41
15.65 1.75141e-41
15.66 1.7537e-41
15.67 1.75599e-41
15.68 1.75829e-41
15.69 1.76058e-41
15.7 1.76288e-41
15.71 1.76517e-41
15.72 1.76747e-41
15.73 1.76977e-41
15.74 1.77208e-41
15.75 1.77438e-41
15.76 1.77668e-41
15.77 1.77899e-41
15.78 1.78129e-41
15.79 1.7836e-41
15.8 1.78591e-41
